EDE	Lot_x_Time	Lot	Time	Vache	velage	DIM	semlact	Date	RACE	SEVRAGE	S3	SEXE VEAU	Acetate	propionate	iso_butyrate	butyrate	iso_valerate	Valerate	caproate	VFA_totaux	VFAt_Acetate	VFAt_propionate	VFAt_isobutyrate	VFAt_butyrate	VFAt_isovalerate	VFAt_valerate	VFAt_caproate	igG_Matin 	igG_soir	Lacto_Matin	Lacto_soir	id
9722	mere_3	M	3	6614	12/02/2019	23	3.285714	07/03/2019	Ho	30/04/2019	19/03/2019	F	20.4975	3.1125	0.1990	0.7460	0.2845	0.0685	0.0390	24.9470	0.8216419	0.12476450	0.0079769111	0.0079769111	0.011404177	0.08336965	0.312588916	655	560	19.182	61.451	19LIB028-19MET448
9727	mere_3	M	3	4168	26/02/2019	24	3.428571	22/03/2019	Ho	14/05/2019	02/04/2019	F	14.1930	1.4280	0.1290	0.4250	0.1790	0.0385	0.0125	16.4050	0.8651631	0.08704663	0.0078634563	0.0078634563	0.010911308	0.04450028	0.143601190	385	550	97.535	47.518	19LIB028-19MET450
9728	mere_3	M	3	6742	27/02/2019	23	3.285714	22/03/2019	Ho	14/05/2019	02/04/2019	F	34.5195	5.8905	0.3295	1.5750	0.5450	0.1765	0.0095	43.0455	0.8019305	0.13684357	0.0076546910	0.0076546910	0.012661021	0.22009388	0.069422333	200	NA	231.118	242.109	19LIB028-19MET451
9747	mere_3	M	3	7628	31/03/2019	18	2.571429	18/04/2019	Mo	11/06/2019	30/04/2019	F	32.5065	5.3155	0.3625	1.2515	0.5325	0.1700	0.0020	40.1405	0.8098180	0.13242237	0.0090307794	0.0090307794	0.013265904	0.20992371	0.015103189	580	NA	63.564	48.505	19LIB028-19MET459
9755	mere_3	M	3	5611	09/04/2019	23	3.285714	02/05/2019	Ho	25/06/2019	14/05/2019	F	24.8255	3.6940	0.2590	0.6425	0.2630	0.1050	0.0040	29.7930	0.8332662	0.12398886	0.0086933172	0.0086933172	0.008827577	0.12601015	0.032260964	570	200	9.286	67.583	19LIB028-19MET464
9759	mere_3	M	3	3161	14/04/2019	18	2.571429	02/05/2019	Ho	25/06/2019	14/05/2019	F	42.4150	5.8985	0.3990	1.4300	0.5305	0.1250	0.0050	50.8030	0.8348916	0.11610535	0.0078538669	0.0078538669	0.010442297	0.14972003	0.043064338	685	580	124.308	108.946	19LIB028-19MET467
9764	mere_3	M	3	2604	18/04/2019	14	2.000000	02/05/2019	Mo	25/06/2019	14/05/2019	F	38.3685	5.5045	0.3240	1.2740	0.4285	0.1540	0.0170	46.0705	0.8328214	0.11947993	0.0070326999	0.0070326999	0.009300963	0.18491359	0.142283314	515	545	73.101	81.701	19LIB028-19MET469
9769	mere_3	M	3	5635	21/04/2019	25	3.571429	16/05/2019	Ho	09/07/2019	28/05/2019	MF	23.5180	4.0285	0.1945	0.9950	0.3790	0.1120	0.0085	29.2355	0.8044330	0.13779480	0.0066528707	0.0066528707	0.012963691	0.13922851	0.061685925	500	515	41.193	53.926	19LIB028-19MET470
9770	mere_3	M	3	2646	22/04/2019	24	3.428571	16/05/2019	Mo	09/07/2019	28/05/2019	F	30.7030	4.3155	0.2610	1.0455	0.4230	0.1000	0.0035	36.8515	0.8331547	0.11710514	0.0070824797	0.0070824797	0.011478502	0.12002573	0.029887672	560	545	262.200	175.817	19LIB028-19MET471
9722	mere_10	M	10	NA	NA	NA	NA	NA	NA	NA	NA	NA	12.2265	5.2235	0.4210	1.0860	0.4550	0.3005	0.0125	19.7250	0.6198479	0.26481622	0.0213434728	0.0213434728	0.023067174	0.48479634	0.047202546	NA	NA	NA	NA	19LIB028-19MET475
9727	mere_10	M	10	NA	NA	NA	NA	NA	NA	NA	NA	NA	34.7805	7.1565	0.5170	2.2925	1.0095	0.1990	0.0090	45.9640	0.7566900	0.15569794	0.0112479332	0.0112479332	0.021962840	0.26298748	0.057804234	NA	NA	NA	NA	19LIB028-19MET477
9728	mere_10	M	10	NA	NA	NA	NA	NA	NA	NA	NA	NA	33.2990	5.6680	0.2790	1.7755	0.4210	0.1380	0.0310	41.6115	0.8002355	0.13621235	0.0067048773	0.0067048773	0.010117395	0.17244923	0.227585833	NA	NA	NA	NA	19LIB028-19MET478
9747	mere_10	M	10	NA	NA	NA	NA	NA	NA	NA	NA	NA	38.7455	10.0030	0.3865	2.6300	0.4605	0.2370	0.0000	52.4625	0.7385371	0.19066953	0.0073671670	0.0073671670	0.008777698	0.32090469	0.000000000	NA	NA	NA	NA	19LIB028-19MET486
9755	mere_10	M	10	NA	NA	NA	NA	NA	NA	NA	NA	NA	4.3850	1.1660	0.0050	0.2205	0.0175	0.0310	0.0000	5.8250	0.7527897	0.20017167	0.0008583691	0.0008583691	0.003004292	0.04118016	0.000000000	NA	NA	NA	NA	19LIB028-19MET491
9759	mere_10	M	10	NA	NA	NA	NA	NA	NA	NA	NA	NA	40.5680	10.0905	0.4230	3.0165	0.4555	0.2610	0.0010	54.8155	0.7400826	0.18408114	0.0077167954	0.0077167954	0.008309693	0.35266332	0.005432387	NA	NA	NA	NA	19LIB028-19MET494
9764	mere_10	M	10	NA	NA	NA	NA	NA	NA	NA	NA	NA	21.7165	5.5280	0.2315	1.5635	0.2875	0.1680	0.0060	29.5010	0.7361276	0.18738348	0.0078471916	0.0078471916	0.009745432	0.22822131	0.032019899	NA	NA	NA	NA	19LIB028-19MET496
9769	mere_10	M	10	NA	NA	NA	NA	NA	NA	NA	NA	NA	73.5595	16.7015	0.4975	9.9255	0.5820	0.5105	0.0975	101.8740	0.7220635	0.16394271	0.0048834835	0.0048834835	0.005712940	0.70700150	0.594719935	NA	NA	NA	NA	19LIB028-19MET498
9770	mere_10	M	10	NA	NA	NA	NA	NA	NA	NA	NA	NA	23.7320	8.0795	0.0810	2.3675	0.0365	0.2425	0.0000	34.5390	0.6871073	0.23392397	0.0023451750	0.0023451750	0.001056776	0.35292885	0.000000000	NA	NA	NA	NA	19LIB028-19MET499
9722	mere_13	M	13	6614	12/02/2019	93	13.285714	16/05/2019	Ho	30/04/2019	19/03/2019	F	58.3770	14.0500	0.6750	7.7120	1.2225	1.0125	0.6775	83.7265	0.6972344	0.16780828	0.0080619637	0.0080619637	0.014601112	1.45216577	4.037345463	755	685	71.440	NA	19LIB028-19MET503
9727	mere_13	M	13	4168	26/02/2019	93	13.285714	30/05/2019	Ho	14/05/2019	02/04/2019	F	63.0770	16.0770	0.4495	8.4090	0.8155	0.8425	0.1275	89.7980	0.7024321	0.17903517	0.0050056794	0.0050056794	0.009081494	1.19940414	0.712150588	335	325	51.055	55.056	19LIB028-19MET504
9728	mere_13	M	13	6742	27/02/2019	92	13.142857	30/05/2019	Ho	14/05/2019	02/04/2019	F	73.4835	25.5530	0.3935	10.9950	1.0075	1.0625	0.2660	112.7610	0.6516748	0.22661204	0.0034896817	0.0034896817	0.008934827	1.63041448	1.173812312	310	330	81.818	65.484	19LIB028-19MET505
9747	mere_13	M	13	7628	31/03/2019	88	12.571429	27/06/2019	Mo	11/06/2019	30/04/2019	F	55.8625	16.3685	0.7230	4.5190	1.2235	0.5125	0.0295	79.2385	0.7049919	0.20657256	0.0091243524	0.0091243524	0.015440726	0.72695872	0.142806962	480	365	246.000	219.000	19LIB028-19MET508
9755	mere_13	M	13	5611	09/04/2019	93	13.285714	11/07/2019	Ho	25/06/2019	14/05/2019	F	52.4860	17.1120	0.4160	4.8620	0.5340	0.5935	0.1140	76.1175	0.6895392	0.22481033	0.0054652347	0.0054652347	0.007015470	0.86071974	0.507094144	295	330	304.000	240.000	19LIB028-19MET516
9759	mere_13	M	13	3161	14/04/2019	88	12.571429	11/07/2019	Ho	25/06/2019	14/05/2019	F	67.3110	20.2500	0.6170	8.8235	0.7520	0.6250	0.0690	98.4475	0.6837248	0.20569339	0.0062672998	0.0062672998	0.007638589	0.91411044	0.335450741	420	420	213.000	174.000	19LIB028-19MET523
9764	mere_13	M	13	2604	18/04/2019	84	12.000000	11/07/2019	Mo	25/06/2019	14/05/2019	F	64.3365	17.5030	0.6490	7.3850	0.9345	0.5250	0.0735	91.4065	0.7038504	0.19148529	0.0071001515	0.0071001515	0.010223562	0.74589716	0.383841499	310	321	298.000	213.000	19LIB028-19MET525
9769	mere_13	M	13	5635	21/04/2019	95	13.571429	25/07/2019	Ho	09/07/2019	28/05/2019	MF	34.5850	11.9700	0.1555	2.0710	0.1840	0.8750	0.0420	49.8825	0.6933293	0.23996392	0.0031173257	0.0031173257	0.003688668	1.26202653	0.175026316	385	410	198.000	143.000	19LIB028-19MET526
9770	mere_13	M	13	2646	22/04/2019	94	13.428571	25/07/2019	Mo	09/07/2019	28/05/2019	F	83.6970	24.0335	0.4475	10.0025	0.5665	0.9400	0.0260	119.7130	0.6991471	0.20075932	0.0037381070	0.0037381070	0.004732151	1.34449526	0.129508311	324	327	389.000	550.000	19LIB028-19MET527
9725	panache_3	P	3	5690	22/02/2019	13	1.857143	07/03/2019	Ho	14/05/2019	19/03/2019	F	36.9335	5.5260	0.5085	2.4670	0.8440	0.2455	0.0445	46.5690	0.7930920	0.11866263	0.0109192811	0.0109192811	0.018123644	0.30954796	0.375012758	560	670	278.364	191.516	19LIB028-19MET449
9732	panache_3	P	3	6718	04/03/2019	18	2.571429	22/03/2019	Ho	11/06/2019	02/04/2019	F	26.4865	4.9415	0.2720	0.8340	0.5700	0.1255	0.0235	33.2530	0.7965146	0.14860313	0.0081797131	0.0081797131	0.017141311	0.15756146	0.158139330	625	510	26.669	6.149	19LIB028-19MET452
9740	panache_3	P	3	7639	14/03/2019	21	3.000000	04/04/2019	Mo	28/05/2019	16/04/2019	F	19.0605	2.6180	0.2180	0.3195	0.3570	0.0350	0.0095	22.6175	0.8427324	0.11575108	0.0096385542	0.0096385542	0.015784238	0.04153157	0.082072670	280	315	63.606	68.685	19LIB028-19MET453
9744	panache_3	P	3	5704	21/03/2019	14	2.000000	04/04/2019	Mo	28/05/2019	16/04/2019	MF	24.2365	6.9940	0.1700	0.5995	0.2890	0.1395	0.0070	32.4355	0.7472214	0.21562794	0.0052411709	0.0052411709	0.008909991	0.18669165	0.032463326	855	NA	12.573	112.080	19LIB028-19MET457
9748	panache_3	P	3	7622	31/03/2019	18	2.571429	18/04/2019	Mo	09/07/2019	30/04/2019	F	29.2095	5.0270	0.3630	1.0510	0.5835	0.1670	0.0125	36.4135	0.8021613	0.13805319	0.0099688302	0.0099688302	0.016024277	0.20818756	0.090544808	490	580	47.984	81.243	19LIB028-19MET458
9750	panache_3	P	3	6640	03/04/2019	15	2.142857	18/04/2019	Ho	11/06/2019	30/04/2019	F	20.4625	9.9750	0.3760	1.7015	0.4265	0.4555	0.0145	33.4115	0.6124388	0.29854990	0.0112536103	0.0112536103	0.012765066	0.74374775	0.048568095	685	625	48.519	43.084	19LIB028-19MET462
9756	panache_3	P	3	4165	11/04/2019	21	3.000000	02/05/2019	Ho	25/06/2019	14/05/2019	F	26.0655	2.6490	0.1350	1.0395	0.2770	0.0870	0.0200	30.2730	0.8610148	0.08750372	0.0044594193	0.0044594193	0.009150068	0.10104356	0.228561721	795	530	3.226	10.978	19LIB028-19MET465
9757	panache_3	P	3	5722	11/04/2019	21	3.000000	02/05/2019	Ho	09/07/2019	14/05/2019	F	11.6030	1.4825	0.0380	1.0665	0.0760	0.0550	0.0100	14.3310	0.8096434	0.10344707	0.0026515944	0.0026515944	0.005303189	0.06793114	0.096667791	630	NA	24.085	81.743	19LIB028-19MET466
9763	panache_3	P	3	4633	18/04/2019	14	2.000000	02/05/2019	Mo	09/07/2019	14/05/2019	F	57.6215	9.2435	0.0855	2.9830	0.1420	0.2035	0.0070	70.2860	0.8198148	0.13151268	0.0012164585	0.0012164585	0.002020317	0.24822681	0.053226808	925	NA	81.329	61.944	19LIB028-19MET468
9725	panache_10	P	10	NA	NA	NA	NA	NA	NA	NA	NA	NA	89.2340	15.9320	0.4180	7.6540	0.8700	0.3910	0.0960	114.5950	0.7786902	0.13902875	0.0036476286	0.0036476286	0.007591954	0.50212525	0.690504645	NA	NA	NA	NA	19LIB028-19MET476
9732	panache_10	P	10	NA	NA	NA	NA	NA	NA	NA	NA	NA	60.6725	11.6825	0.5465	6.4370	1.0140	0.3250	0.0995	80.7770	0.7511111	0.14462656	0.0067655397	0.0067655397	0.012553078	0.43269232	0.687978729	NA	NA	NA	NA	19LIB028-19MET479
9740	panache_10	P	10	NA	NA	NA	NA	NA	NA	NA	NA	NA	40.5450	8.7000	0.2860	2.3375	0.3430	0.1920	0.0000	52.4035	0.7737079	0.16601945	0.0054576507	0.0054576507	0.006545364	0.24815568	0.000000000	NA	NA	NA	NA	19LIB028-19MET480
9744	panache_10	P	10	NA	NA	NA	NA	NA	NA	NA	NA	NA	50.6015	13.8890	0.5055	9.7015	0.7240	0.6985	0.1560	76.2760	0.6634000	0.18208873	0.0066272484	0.0066272484	0.009491845	1.05290922	0.856725178	NA	NA	NA	NA	19LIB028-19MET484
9748	panache_10	P	10	NA	NA	NA	NA	NA	NA	NA	NA	NA	54.7430	12.4885	0.4190	8.3885	0.5865	0.5330	0.0470	77.2055	0.7090557	0.16175661	0.0054270745	0.0054270745	0.007596609	0.75170399	0.290559995	NA	NA	NA	NA	19LIB028-19MET485
9750	panache_10	P	10	NA	NA	NA	NA	NA	NA	NA	NA	NA	75.5415	17.4750	0.4415	12.1345	0.7910	0.6915	0.0465	107.1215	0.7051946	0.16313252	0.0041214882	0.0041214882	0.007384139	0.98058044	0.285044335	NA	NA	NA	NA	19LIB028-19MET489
9756	panache_10	P	10	NA	NA	NA	NA	NA	NA	NA	NA	NA	58.7745	11.4550	0.3025	7.2665	0.6785	0.3715	0.1040	78.9525	0.7444286	0.14508724	0.0038314176	0.0038314176	0.008593775	0.49904046	0.716810127	NA	NA	NA	NA	19LIB028-19MET492
9757	panache_10	P	10	NA	NA	NA	NA	NA	NA	NA	NA	NA	51.0365	10.4710	0.6900	7.3330	0.9950	0.4190	0.0545	70.9990	0.7188341	0.14748095	0.0097184467	0.0097184467	0.014014282	0.58288834	0.369539251	NA	NA	NA	NA	19LIB028-19MET493
9763	panache_10	P	10	NA	NA	NA	NA	NA	NA	NA	NA	NA	62.3735	12.5515	0.7745	13.3065	1.1465	0.9440	0.2980	91.3945	0.6824645	0.13733321	0.0084742517	0.0084742517	0.012544519	1.38322217	2.169904872	NA	NA	NA	NA	19LIB028-19MET495
9725	panache_13	P	13	5690	22/02/2019	97	13.857143	30/05/2019	Ho	14/05/2019	19/03/2019	F	36.3125	9.6850	0.2735	3.7920	0.2510	0.2470	0.0070	50.5680	0.7180925	0.19152428	0.0054085588	0.0054085588	0.004963613	0.34396684	0.036548890	310	315	318.889	151.032	19LIB028-19MET497
9732	panache_13	P	13	6718	04/03/2019	87	12.428571	30/05/2019	Ho	11/06/2019	02/04/2019	F	69.5985	13.8205	0.5630	7.7675	0.6590	0.3865	0.1320	92.9270	0.7489589	0.14872427	0.0060585191	0.0060585191	0.007091588	0.51604971	0.887548497	265	255	19.083	33.578	19LIB028-19MET506
9740	panache_13	P	13	7639	14/03/2019	91	13.000000	13/06/2019	Mo	28/05/2019	16/04/2019	F	50.9695	13.5875	0.4020	5.5505	0.6055	0.4685	0.0690	71.6525	0.7113429	0.18963051	0.0056104114	0.0056104114	0.008450508	0.65861341	0.363865501	330	335	336.000	355.000	19LIB028-19MET509
9744	panache_13	P	13	5704	21/03/2019	84	12.000000	13/06/2019	Mo	28/05/2019	16/04/2019	MF	51.4690	10.1075	0.3170	6.7305	0.5360	0.4625	0.0625	69.6850	0.7385951	0.14504556	0.0045490421	0.0045490421	0.007691756	0.62618882	0.430899085	535	585	100.000	90.000	19LIB028-19MET513
9748	panache_13	P	13	7622	31/03/2019	116	16.571429	25/07/2019	Mo	09/07/2019	30/04/2019	F	17.8210	4.1365	0.0920	2.1290	0.0880	0.1075	0.0240	24.3980	0.7304287	0.16954259	0.0037708009	0.0037708009	0.003606853	0.14717384	0.141557355	NA	157	NA	382.000	19LIB028-19MET514
9750	panache_13	P	13	6640	03/04/2019	85	12.142857	27/06/2019	Ho	11/06/2019	30/04/2019	F	61.8355	14.9190	0.4770	8.6805	0.5920	0.4745	0.0790	87.0575	0.7102834	0.17136950	0.0054791374	0.0054791374	0.006800103	0.66804318	0.460992191	234	255	111.000	169.000	19LIB028-19MET519
9756	panache_13	P	13	4165	11/04/2019	91	13.000000	11/07/2019	Ho	25/06/2019	14/05/2019	F	78.8090	20.5605	0.6740	11.9640	0.7460	0.8935	0.1465	113.7935	0.6925615	0.18068255	0.0059230097	0.0059230097	0.006555735	1.29013808	0.810814316	365	360	174.000	203.000	19LIB028-19MET521
9757	panache_13	P	13	5722	11/04/2019	105	15.000000	25/07/2019	Ho	09/07/2019	14/05/2019	F	42.1690	9.6590	0.3165	5.8355	0.4100	0.3050	0.0620	58.7570	0.7176847	0.16438892	0.0053865922	0.0053865922	0.006977892	0.42497771	0.377154364	415	415	262.000	376.000	19LIB028-19MET522
9763	panache_13	P	13	4633	18/04/2019	98	14.000000	25/07/2019	Mo	09/07/2019	14/05/2019	F	67.6075	16.0380	0.9530	8.8995	1.1045	0.6410	0.1215	95.3650	0.7089341	0.16817491	0.0099931841	0.0099931841	0.011581817	0.90417431	0.722462121	420	360	323.000	316.000	19LIB028-19MET524
2342	temoin_3	T	3	5651	05/05/2019	11	1.571429	16/05/2019	Ho	09/07/2019	28/05/2019	MF	25.3790	3.6215	0.1885	0.7050	0.2935	0.1055	0.0000	30.2930	0.8377843	0.11954907	0.0062225597	0.0062225597	0.009688707	0.12592740	0.000000000	540	465	26.580	16.472	19LIB028-19MET473
9721	temoin_3	T	3	NA	NA	NA	NA	NA	NA	NA	NA	NA	21.7770	2.3780	0.2415	1.1430	0.3785	0.1560	0.0715	26.1455	0.8329158	0.09095255	0.0092367711	0.0092367711	0.014476679	0.18729384	0.786124159	510	NA	40.902	NA	19LIB028-19MET447
9741	temoin_3	T	3	6728	17/03/2019	18	2.571429	04/04/2019	Mo	28/05/2019	16/04/2019	MF	43.7805	7.3915	0.3565	1.4505	0.4355	0.2720	0.0565	53.7430	0.8146270	0.13753419	0.0066334220	0.0066334220	0.008103381	0.33389514	0.410806940	NA	515	NA	82.359	19LIB028-19MET454
9743	temoin_3	T	3	7641	18/03/2019	17	2.428571	04/04/2019	Mo	28/05/2019	16/04/2019	F	46.6270	21.4425	1.8305	39.2720	2.3550	13.6415	1.0720	126.2405	0.3693506	0.16985437	0.0145001010	0.0145001010	0.018654869	36.93374613	6.311289075	345	315	317.523	176.418	19LIB028-19MET455
9745	temoin_3	T	3	3647	23/03/2019	12	1.714286	04/04/2019	Mo	28/05/2019	16/04/2019	MF	31.5015	12.3650	0.8015	3.7195	1.0020	0.6985	0.0500	50.1380	0.6282959	0.24661933	0.0159858790	0.0159858790	0.019984842	1.11173731	0.202741609	595	510	94.255	53.474	19LIB028-19MET456
9746	temoin_3	T	3	3613	28/03/2019	21	3.000000	18/04/2019	Mo	11/06/2019	30/04/2019	MF	16.1955	3.5150	0.4840	2.0290	1.0685	0.5570	0.1850	24.0340	0.6738579	0.14625114	0.0201381376	0.0201381376	0.044457851	0.82658380	1.264947368	200	200	38.927	29.997	19LIB028-19MET460
9749	temoin_3	T	3	4180	01/04/2019	17	2.428571	18/04/2019	Ho	25/06/2019	30/04/2019	F	33.6850	4.6240	0.2755	1.6575	0.3840	0.1855	0.0375	40.8490	0.8246224	0.11319739	0.0067443511	0.0067443511	0.009400475	0.22495145	0.331279736	360	340	10.646	16.842	19LIB028-19MET461
9751	temoin_3	T	3	3154	05/04/2019	13	1.857143	18/04/2019	Ho	25/06/2019	30/04/2019	MF	23.6235	5.3250	0.3280	0.7975	0.6230	0.1720	0.0285	30.8975	0.7645764	0.17234404	0.0106157456	0.0106157456	0.020163444	0.22496116	0.165366901	615	715	20.352	38.400	19LIB028-19MET463
9774	temoin_3	T	3	5699	02/05/2019	14	2.000000	16/05/2019	Ho	09/07/2019	28/05/2019	MF	35.4240	6.5810	0.3545	2.0040	0.4960	0.2955	0.0465	45.2015	0.7836908	0.14559251	0.0078426601	0.0078426601	0.010973087	0.37706197	0.319384554	505	440	22.768	33.976	19LIB028-19MET472
2342	temoin_10	T	10	NA	NA	NA	NA	NA	NA	NA	NA	NA	44.4180	9.5135	0.4770	6.6845	0.6770	0.5430	0.0600	62.3730	0.7121351	0.15252593	0.0076475398	0.0076475398	0.010854055	0.76249581	0.393375729	NA	NA	NA	NA	19LIB028-19MET501
9721	temoin_10	T	10	NA	NA	NA	NA	NA	NA	NA	NA	NA	32.3800	8.3425	0.4060	3.9750	0.5025	0.4005	0.0900	46.0965	0.7024394	0.18097903	0.0088076101	0.0088076101	0.010901045	0.57015591	0.497295175	NA	NA	NA	NA	19LIB028-19MET474
9741	temoin_10	T	10	NA	NA	NA	NA	NA	NA	NA	NA	NA	28.2710	7.2795	0.2255	2.8375	0.2940	0.2735	0.0060	39.1870	0.7214382	0.18576314	0.0057544594	0.0057544594	0.007502488	0.37910383	0.032299196	NA	NA	NA	NA	19LIB028-19MET481
9743	temoin_10	T	10	NA	NA	NA	NA	NA	NA	NA	NA	NA	18.3785	6.4715	0.4080	1.7695	0.7680	1.0915	0.1885	29.0755	0.6320958	0.22257571	0.0140324328	0.0140324328	0.026413991	1.72679535	0.846902843	NA	NA	NA	NA	19LIB028-19MET482
9745	temoin_10	T	10	NA	NA	NA	NA	NA	NA	NA	NA	NA	51.3055	12.3705	0.5005	5.0795	0.6060	0.6930	0.0990	70.6540	0.7261514	0.17508563	0.0070838169	0.0070838169	0.008577009	0.95434645	0.565437614	NA	NA	NA	NA	19LIB028-19MET483
9746	temoin_10	T	10	NA	NA	NA	NA	NA	NA	NA	NA	NA	52.4925	14.2020	0.9955	5.1275	1.5455	0.5490	0.0555	74.9675	0.7002034	0.18944209	0.0132790876	0.0132790876	0.020615600	0.78405787	0.292965515	NA	NA	NA	NA	19LIB028-19MET487
9749	temoin_10	T	10	NA	NA	NA	NA	NA	NA	NA	NA	NA	41.4840	11.3835	0.2595	6.1090	0.2735	0.6405	0.0425	60.1925	0.6891889	0.18911825	0.0043111683	0.0043111683	0.004543755	0.92935340	0.224727127	NA	NA	NA	NA	19LIB028-19MET488
9751	temoin_10	T	10	NA	NA	NA	NA	NA	NA	NA	NA	NA	50.3905	20.0285	0.3150	3.5750	0.2630	0.6605	0.0385	75.2710	0.6694544	0.26608521	0.0041848786	0.0041848786	0.003494042	0.98662437	0.144690491	NA	NA	NA	NA	19LIB028-19MET490
9774	temoin_10	T	10	NA	NA	NA	NA	NA	NA	NA	NA	NA	54.8230	11.3580	0.4505	10.3640	0.8415	0.7160	0.0475	78.6005	0.6974892	0.14450290	0.0057315157	0.0057315157	0.010706039	1.02653919	0.328713132	NA	NA	NA	NA	19LIB028-19MET500
2342	temoin_13	T	13	5651	05/05/2019	81	11.571429	25/07/2019	Ho	09/07/2019	28/05/2019	MF	50.3500	12.0350	0.2300	7.4715	0.2475	0.5355	0.0735	70.9430	0.7097247	0.16964323	0.0032420394	0.0032420394	0.003488716	0.75451790	0.433262194	280	250	160.000	174.000	19LIB028-19MET529
9721	temoin_13	T	13	NA	NA	NA	NA	NA	NA	NA	NA	NA	79.5010	19.6475	0.5605	12.5000	0.7445	0.8345	0.1290	113.9170	0.6978853	0.17247206	0.0049202490	0.0049202490	0.006535460	1.19575523	0.747947220	345	NA	645.000	NA	19LIB028-19MET502
9741	temoin_13	T	13	6728	17/03/2019	88	12.571429	13/06/2019	Mo	28/05/2019	16/04/2019	MF	67.7965	22.4970	0.6785	6.7385	0.7245	0.8330	0.0170	99.2850	0.6828474	0.22659012	0.0068338621	0.0068338621	0.007297175	1.21989196	0.075025337	NA	420	NA	627.000	19LIB028-19MET510
9743	temoin_13	T	13	7641	18/03/2019	87	12.428571	13/06/2019	Mo	28/05/2019	16/04/2019	F	48.5180	17.7930	0.8375	9.7595	1.2240	3.1085	1.1510	82.3915	0.5888714	0.21595674	0.0101648835	0.0101648835	0.014855901	5.27874145	5.329771062	360	360	323.000	298.000	19LIB028-19MET511
9745	temoin_13	T	13	3647	23/03/2019	82	11.714286	13/06/2019	Mo	28/05/2019	16/04/2019	MF	45.8120	10.6965	0.4570	6.0185	0.4965	0.2840	0.0510	63.8155	0.7178820	0.16761602	0.0071612696	0.0071612696	0.007780241	0.39560818	0.304266863	400	460	526.000	534.000	19LIB028-19MET512
9746	temoin_13	T	13	3613	28/03/2019	91	13.000000	27/06/2019	Mo	11/06/2019	30/04/2019	MF	51.7830	11.3375	0.3615	8.9510	0.4935	0.4995	0.0760	73.5020	0.7045114	0.15424750	0.0049182335	0.0049182335	0.006714103	0.70900197	0.492714620	255	229	425.000	432.000	19LIB028-19MET517
9749	temoin_13	T	13	4180	01/04/2019	101	14.428571	11/07/2019	Ho	25/06/2019	30/04/2019	F	52.0270	14.1320	0.3390	5.2640	0.6510	0.4185	0.0205	72.8520	0.7141465	0.19398232	0.0046532696	0.0046532696	0.008935925	0.58601422	0.105679734	285	NA	274.000	NA	19LIB028-19MET518
9751	temoin_13	T	13	3154	05/04/2019	97	13.857143	11/07/2019	Ho	25/06/2019	30/04/2019	MF	24.6485	7.3390	0.1700	2.6860	0.2465	0.2255	0.0050	35.3205	0.6978525	0.20778302	0.0048130689	0.0048130689	0.006978950	0.32313418	0.024063565	329	331	274.000	139.000	19LIB028-19MET520
9774	temoin_13	T	13	5699	02/05/2019	84	12.000000	25/07/2019	Ho	09/07/2019	28/05/2019	MF	77.0900	17.4595	0.5805	10.5830	0.8940	0.7230	0.0945	107.4245	0.7176203	0.16252810	0.0054037952	0.0054037952	0.008322124	1.00749661	0.581437913	505	445	618.000	558.000	19LIB028-19MET528
9722	NA	M	7	6614	12/02/2019	51	7.285714	04/04/2019	Ho	30/04/2019	19/03/2019	F	NA	NA	NA	NA	NA	NA	NA	NA	NA	NA	NA	NA	NA	NA	NA	555	670	78.029	106.315	
9727	NA	M	7	4168	26/02/2019	51	7.285714	18/04/2019	Ho	14/05/2019	02/04/2019	F	NA	NA	NA	NA	NA	NA	NA	NA	NA	NA	NA	NA	NA	NA	NA	550	NA	36.478	48.262	
9728	NA	M	7	6742	27/02/2019	50	7.142857	18/04/2019	Ho	14/05/2019	02/04/2019	F	NA	NA	NA	NA	NA	NA	NA	NA	NA	NA	NA	NA	NA	NA	NA	200	NA	3.620	23.531	
9747	NA	M	7	7628	31/03/2019	46	6.571429	16/05/2019	Mo	11/06/2019	30/04/2019	F	NA	NA	NA	NA	NA	NA	NA	NA	NA	NA	NA	NA	NA	NA	NA	345	390	39.756	63.186	
9755	NA	M	7	5611	09/04/2019	51	7.285714	30/05/2019	Ho	25/06/2019	14/05/2019	F	NA	NA	NA	NA	NA	NA	NA	NA	NA	NA	NA	NA	NA	NA	NA	375	685	98.887	69.591	
9759	NA	M	7	3161	14/04/2019	46	6.571429	30/05/2019	Ho	25/06/2019	14/05/2019	F	NA	NA	NA	NA	NA	NA	NA	NA	NA	NA	NA	NA	NA	NA	NA	430	390	63.525	9.667	
9764	NA	M	7	2604	18/04/2019	42	6.000000	30/05/2019	Mo	25/06/2019	14/05/2019	F	NA	NA	NA	NA	NA	NA	NA	NA	NA	NA	NA	NA	NA	NA	NA	310	285	188.820	48.262	
9769	NA	M	7	5635	21/04/2019	53	7.571429	13/06/2019	Ho	09/07/2019	28/05/2019	MF	NA	NA	NA	NA	NA	NA	NA	NA	NA	NA	NA	NA	NA	NA	NA	465	NA	203.000	NA	
9770	NA	M	7	2646	22/04/2019	52	7.428571	13/06/2019	Mo	09/07/2019	28/05/2019	F	NA	NA	NA	NA	NA	NA	NA	NA	NA	NA	NA	NA	NA	NA	NA	323	326	235.000	382.000	
9722	NA	M	9	6614	12/02/2019	65	9.285714	18/04/2019	Ho	30/04/2019	19/03/2019	F	NA	NA	NA	NA	NA	NA	NA	NA	NA	NA	NA	NA	NA	NA	NA	430	440	64.984	39.727	
9727	NA	M	9	4168	26/02/2019	65	9.285714	02/05/2019	Ho	14/05/2019	02/04/2019	F	NA	NA	NA	NA	NA	NA	NA	NA	NA	NA	NA	NA	NA	NA	NA	435	NA	72.795	55.956	
9728	NA	M	9	6742	27/02/2019	64	9.142857	02/05/2019	Ho	14/05/2019	02/04/2019	F	NA	NA	NA	NA	NA	NA	NA	NA	NA	NA	NA	NA	NA	NA	NA	200	255	162.365	139.532	
9747	NA	M	9	7628	31/03/2019	60	8.571429	30/05/2019	Mo	11/06/2019	30/04/2019	F	NA	NA	NA	NA	NA	NA	NA	NA	NA	NA	NA	NA	NA	NA	NA	305	250	93.000	179.000	
9755	NA	M	9	5611	09/04/2019	65	9.285714	13/06/2019	Ho	25/06/2019	14/05/2019	F	NA	NA	NA	NA	NA	NA	NA	NA	NA	NA	NA	NA	NA	NA	NA	330	198	329.000	396.000	
9759	NA	M	9	3161	14/04/2019	60	8.571429	13/06/2019	Ho	25/06/2019	14/05/2019	F	NA	NA	NA	NA	NA	NA	NA	NA	NA	NA	NA	NA	NA	NA	NA	365	194	274.000	36.000	
9764	NA	M	9	2604	18/04/2019	56	8.000000	13/06/2019	Mo	25/06/2019	14/05/2019	F	NA	NA	NA	NA	NA	NA	NA	NA	NA	NA	NA	NA	NA	NA	NA	320	322	219.000	165.000	
9769	NA	M	9	5635	21/04/2019	67	9.571429	27/06/2019	Ho	09/07/2019	28/05/2019	MF	NA	NA	NA	NA	NA	NA	NA	NA	NA	NA	NA	NA	NA	NA	NA	560	430	193.000	174.000	
9770	NA	M	9	2646	22/04/2019	66	9.428571	27/06/2019	Mo	09/07/2019	28/05/2019	F	NA	NA	NA	NA	NA	NA	NA	NA	NA	NA	NA	NA	NA	NA	NA	380	194	329.000	251.000	
9725	NA	P	7	5690	22/02/2019	41	5.857143	04/04/2019	Ho	14/05/2019	19/03/2019	F	NA	NA	NA	NA	NA	NA	NA	NA	NA	NA	NA	NA	NA	NA	NA	540	440	111.545	90.987	
9732	NA	P	7	6718	04/03/2019	45	6.428571	18/04/2019	Ho	11/06/2019	02/04/2019	F	NA	NA	NA	NA	NA	NA	NA	NA	NA	NA	NA	NA	NA	NA	NA	350	405	167.407	113.009	
9740	NA	P	7	7639	14/03/2019	49	7.000000	02/05/2019	Mo	28/05/2019	16/04/2019	F	NA	NA	NA	NA	NA	NA	NA	NA	NA	NA	NA	NA	NA	NA	NA	465	350	79.457	84.859	
9744	NA	P	7	5704	21/03/2019	42	6.000000	02/05/2019	Mo	28/05/2019	16/04/2019	MF	NA	NA	NA	NA	NA	NA	NA	NA	NA	NA	NA	NA	NA	NA	NA	570	660	23.150	42.913	
9748	NA	P	7	7622	31/03/2019	46	6.571429	16/05/2019	Mo	09/07/2019	30/04/2019	F	NA	NA	NA	NA	NA	NA	NA	NA	NA	NA	NA	NA	NA	NA	NA	200	300	82.706	48.689	
9750	NA	P	7	6640	03/04/2019	43	6.142857	16/05/2019	Ho	11/06/2019	30/04/2019	F	NA	NA	NA	NA	NA	NA	NA	NA	NA	NA	NA	NA	NA	NA	NA	370	405	84.543	72.347	
9756	NA	P	7	4165	11/04/2019	49	7.000000	30/05/2019	Ho	25/06/2019	14/05/2019	F	NA	NA	NA	NA	NA	NA	NA	NA	NA	NA	NA	NA	NA	NA	NA	570	520	114.197	128.124	
9757	NA	P	7	5722	11/04/2019	49	7.000000	30/05/2019	Ho	09/07/2019	14/05/2019	F	NA	NA	NA	NA	NA	NA	NA	NA	NA	NA	NA	NA	NA	NA	NA	590	505	116.430	105.753	
9763	NA	P	7	4633	18/04/2019	42	6.000000	30/05/2019	Mo	09/07/2019	14/05/2019	F	NA	NA	NA	NA	NA	NA	NA	NA	NA	NA	NA	NA	NA	NA	NA	540	525	69.975	18.835	
9725	NA	P	9	5690	22/02/2019	69	9.857143	02/05/2019	Ho	14/05/2019	19/03/2019	F	NA	NA	NA	NA	NA	NA	NA	NA	NA	NA	NA	NA	NA	NA	NA	315	270	13.947	17.324	
9732	NA	P	9	6718	04/03/2019	59	8.428571	02/05/2019	Ho	11/06/2019	02/04/2019	F	NA	NA	NA	NA	NA	NA	NA	NA	NA	NA	NA	NA	NA	NA	NA	NA	NA	7.243	1.033	
9740	NA	P	9	7639	14/03/2019	63	9.000000	16/05/2019	Mo	28/05/2019	16/04/2019	F	NA	NA	NA	NA	NA	NA	NA	NA	NA	NA	NA	NA	NA	NA	NA	260	200	77.228	14.208	
9744	NA	P	9	5704	21/03/2019	56	8.000000	16/05/2019	Mo	28/05/2019	16/04/2019	MF	NA	NA	NA	NA	NA	NA	NA	NA	NA	NA	NA	NA	NA	NA	NA	360	570	57.409	63.994	
9748	NA	P	9	7622	31/03/2019	88	12.571429	27/06/2019	Mo	09/07/2019	30/04/2019	F	NA	NA	NA	NA	NA	NA	NA	NA	NA	NA	NA	NA	NA	NA	NA	335	305	342.000	355.000	
9750	NA	P	9	6640	03/04/2019	57	8.142857	30/05/2019	Ho	11/06/2019	30/04/2019	F	NA	NA	NA	NA	NA	NA	NA	NA	NA	NA	NA	NA	NA	NA	NA	290	290	62.000	115.000	
9756	NA	P	9	4165	11/04/2019	63	9.000000	13/06/2019	Ho	25/06/2019	14/05/2019	F	NA	NA	NA	NA	NA	NA	NA	NA	NA	NA	NA	NA	NA	NA	NA	335	340	274.000	425.000	
9757	NA	P	9	5722	11/04/2019	77	11.000000	27/06/2019	Ho	09/07/2019	14/05/2019	F	NA	NA	NA	NA	NA	NA	NA	NA	NA	NA	NA	NA	NA	NA	NA	375	335	418.000	509.000	
9763	NA	P	9	4633	18/04/2019	70	10.000000	27/06/2019	Mo	09/07/2019	14/05/2019	F	NA	NA	NA	NA	NA	NA	NA	NA	NA	NA	NA	NA	NA	NA	NA	340	365	323.000	262.000	
9747	NA	T	13	4180	01/04/2019	101	14.428571	11/07/2019	Ho	25/06/2019	30/04/2019	F	NA	NA	NA	NA	NA	NA	NA	NA	NA	NA	NA	NA	NA	NA	NA	NA	240	NA	219.000	
2342	NA	T	7	5651	05/05/2019	39	5.571429	13/06/2019	Ho	09/07/2019	28/05/2019	MF	NA	NA	NA	NA	NA	NA	NA	NA	NA	NA	NA	NA	NA	NA	NA	255	255	235.000	213.000	
9741	NA	T	7	6728	17/03/2019	46	6.571429	02/05/2019	Mo	28/05/2019	16/04/2019	MF	NA	NA	NA	NA	NA	NA	NA	NA	NA	NA	NA	NA	NA	NA	NA	605	NA	9.667	NA	
